9 9
574 -327 -528 -651 -147 -591 -192 -116 -758
-659 -622 265 844 892 789 860 -351 -655
-923 -448 -279 210 975 880 -974 -2 403
793 -589 -302 -485 17 -930 -770 -564 312
-289 -653 474 -2 538 192 -944 -650 -460
334 208 537 240 584 840 558 -403 127
-394 152 -786 301 414 -96 810 -88 -647
229 677 170 0 898 575 958 361 -737
-533 -51 129 74 467 -838 -629 807 -582
Res = -19349

9 9
-59 -93 -6 10 -41 24 -62 8 -48
-76 15 -35 -89 -43 -19 1 -95 12
-83 6 -79 -56 -98 -77 -68 -68 -99
26 -12 -95 17 -84 -19 -2 -51 -78
-43 -61 -95 -86 3 -79 22 -57 23
14 -39 -59 -57 8 -33 -16 -68 27
-83 19 -87 21 -1 28 -4 -55 -10
-78 -72 -24 -30 2 -76 -72 -84 -85
-70 -1 -40 -90 -44 -69 -17 -62 29
res = -3473

1 1
-1
res = -1

1 1
1
res = 0

4 5
-1 -1 -1 3 -1
-1 2 -1 3 -1
-1 2 -1 3 -1
-1 1 -1 2 -1
res = -11

9 9
-5 -5 -5 -5 -5 -5 -5 -5 -5
-5 99 99 99 99 99 99 99 -5
-5 99 -5 -5 -5 -5 -5 99 -5
-5 99 -5 99 99 99 -5 99 -5
-5 99 -5 99 -5 99 -5 99 -5
-5 99 -5 99 -5 99 -5 99 -5
-5 99 -5 99 -5 -5 -5 99 -5
-5 99 -5 99 99 99 99 99 -5
-5 99 -5 -5 -5 -5 -5 -5 -5
res = -245

9 9
-5 2 -5 2 -5 2 -5 2 -5
2 99 99 99 99 99 99 99 2
-5 99 -5 2 -5 2 -5 99 -5
2 99 2 99 99 99 2 99 2
-5 99 -5 99 -5 2 -5 99 -5
2 99 2 99 99 99 99 99 2
-5 99 -5 2 -5 2 -5 2 -5
2 99 99 99 99 99 99 99 99
-5 2 -5 2 -5 2 -5 2 -5
res = -77

1 9
54 626 372 746 518 940 -289 104 180
res = -289

9 1
89
965
5
-28
473
-204
902
539
252
res = -204

9 1
210
-644
54
-545
644
83
652
-955
176
res = -1135

2 9
655 601 353 185 -219 -354 -133 120 62
361 956 6 379 -60 717 -39 334 554
res = -805

9 2
75 701
537 653
-406 787
577 905
155 -263
419 697
-396 160
885 -376
740 444
res = -612

3 9
-5 10 -5 10 -5 10 -5 10 -5
2 -5 2 -5 2 -5 2 -5 2
-5 10 -5 10 -5 10 -5 10 -5
res = -60

9 3
-5 2 -5
10 -5 10
-5 2 -5
10 -5 10
-5 2 -5
10 -5 10
-5 2 -5
10 -5 10
-5 2 -5
res = -60

6 9
-10 4 3 2 0 0 0 0 0
10 5 2 1 0 0 0 0 0
0 0 0 0 0 0 0 0 1
0 0 0 0 0 0 0 0 1
0 0 0 0 0 0 0 0 0
-10 0 0 0 0 0 0 0 0
res = -11

9 9
-25 15 -5 2 -5 2 -5 10 -5
15 10 10 10 10 10 2 10 2
-5 10 -5 2 -5 10 -5 10 -5
2 10 2 10 2 10 2 10 2
-5 10 -5 10 -5 10 -5 10 -5
2 10 2 10 10 10 2 10 2
-5 10 -5 2 -5 2 -5 10 -5
15 10 10 10 10 10 10 10 2
-25 15 -5 2 -5 2 -5 2 -5
res = -75

9 9
-22 9 -5 2 -5 2 -5 15 -5
9 10 15 10 15 10 2 10 2
-5 15 -5 2 -5 15 -5 15 -5
2 10 2 10 2 10 2 10 2
-5 15 -5 15 -5 15 -5 15 -5
2 10 2 10 15 10 2 10 2
-5 15 -5 2 -5 2 -5 15 -5
9 10 15 10 15 10 15 10 2
-22 9 -5 2 -5 2 -5 2 -5
res = -83

9 9
-5 2 -5 2 -5 2 -5 2 -5
15 10 15 10 15 10 15 10 2
-5 2 -5 2 -5 9 -22 15 -5
2 10 15 10 15 10 9 10 2
-5 15 -5 2 -5 15 -5 15 -5
2 10 9 10 15 10 9 10 2
-5 15 -22 9 -5 9 -22 15 -5
9 10 15 10 15 10 15 10 9
-22 9 -5 2 -5 2 -5 9 -22
res = -96

9 9
-5 2 -5 2 -5 2 -5 2 -5
15 10 15 10 15 10 15 10 2
-5 2 -5 2 -5 9 -22 15 -5
2 10 15 10 15 10 9 10 2
-5 15 -5 2 -10 15 -10 15 -5
2 10 9 10 15 10 9 10 2
-5 15 -22 9 -10 9 -22 15 -5
9 10 15 10 15 10 15 10 9
-22 9 -5 2 -5 2 -5 9 -22
res = -107

9 9
-1 -1 -1 -1 -1 -1 -1 99 -1
-1 99 99 99 99 99 -1 99 -1
-1 99 -1 -1 -1 99 -1 99 -1
-1 99 -1 99 99 99 -1 99 -1
-1 99 -1 99 99 99 -1 99 -1
-1 99 -1 99 -1 99 -1 99 -1
-1 99 -1 99 -1 -1 -1 99 -1
-1 99 -1 99 99 99 99 99 -1
-1 99 -1 -1 -1 -1 -1 -1 -1
res = -24

3 3
-1 99 -1
-1 99 -1
-1 99 -1
res = -3

9 9
-1 -1 -1 -1 -1 -1 -1 -1 -1
99 99 99 99 99 99 99 99 -1
-1 -1 -1 -1 -1 -1 -1 99 -1
-1 99 99 99 99 99 -1 99 -1
-1 99 -1 99 99 -1 -1 99 -1
-1 99 -1 99 99 99 99 99 -1
-1 99 -1 -1 -1 -1 -1 -1 -1
-1 99 99 99 99 99 99 99 99
-1 -1 -1 -1 -1 -1 -1 -1 -1
res = -24

9 9
-2 1 -2 1 -2 1 -2 1 -2
1 -2 1 -2 1 -2 1 -2 1
-2 1 -2 1 -2 1 -2 1 -2
1 -2 1 -2 1 -2 1 -2 1
99 99 99 99 99 99 99 99 99
-1 -1 -1 -1 -1 -1 -1 -1 -1
99 99 99 99 99 99 99 99 99
-1 -1 -1 -1 -1 -1 -1 -1 -1
-1 -1 -1 -1 -1 -1 -1 -1 -1
res = -29

9 9
-1 -1 -1 -1 -1 -1 -1 -1 -1
-1 -1 -1 -1 -1 -1 -1 -1 -1
99 99 99 99 99 99 99 99 99
-1 -1 -1 -1 -1 -1 -1 -1 -1
99 99 99 99 99 99 99 99 99
1 -2 1 -2 1 -2 1 -2 1
-2 1 -2 1 -2 1 -2 1 -2
1 -2 1 -2 1 -2 1 -2 1
-2 1 -2 1 -2 1 -2 1 -2
res = -29

9 9
5 1 1 1 1 1 1 1 5
1 99 99 99 1 99 99 99 1
1 99 99 99 -19 99 99 99 1
1 99 99 99 3 99 99 99 1
1 1 -19 3 20 3 -19 1 1
1 99 99 99 3 99 99 99 1
1 99 99 99 -19 99 99 99 1
1 99 99 99 1 99 99 99 1
5 1 1 1 1 1 1 1 5
res = -44

9 9
05 01 01 01 01 01 01 01 05
01 99 99 99 01 99 99 99 01
01 99 99 99 -19 99 99 99 1
01 99 99 99 03 99 99 99 01
01 01 -19 3 41 03 -19 1 01
01 99 99 99 03 99 99 99 01
01 99 99 99 -19 99 99 99 1
01 99 99 99 01 99 99 99 01
05 01 01 01 01 01 01 01 05
res = -35

5 5
1 1 1 1 1
1 99 -10 99 1
1 -10 99 -10 1
1 99 -10 99 1
1 1 1 1 1
res = -27